t = [0.8 0   0.3 0 0
     0.2 0.6 0.2 0 0
     0   0.1 0.4 0 0 
     0   0.3 0   1 0
     0   0   0.1 0 1];

q = [0.8 0   0.3
     0.2 0.6 0.2
     0   0.1 0.4];

f = (eye(3)-q)^(-1);

r = [0   0.3 0  
     0   0   0.1];

b = r*f;