%    9   1    3   3   5   9   fim
t = [0   0    0   0   0   0   0 % 9
     0.5 0    0   0   0   0   0 % 1
     0.5 0    0   0   0   0   0 % 3
     0   0.33 0   0.2 0.1 0   0 % 3
     0   0.33 0.6 0.5 0.4 0.3 0 % 5
     0   0.33 0.4 0   0.3 0.3 0 % 9
     0   0    0   0.3 0.2 0.4 1 % fim
     ];
