%    a   b   c d e   f
h = [0   0   0 0 1/3 0 %   a
     1/1 0   0 0 1/3 0 %   b
     0   1/2 0 1 0   0 %   c
     0   0   1 0 0   0 %   d
     0   1/2 0 0 0   0 %   e
     0   0   0 0 1/3 0]; % f

r0 = [1/6 1/6 1/6 1/6 1/6 1/6]'

% r(10) = h*r(9)
% r10 = h * h * h * h * h * h * h * h * h * h * r0
r10 = h^10 * r0