t = [0.1  0.1 0.3 0.3
     0.4  0.1 0.3 0.3
     0.25 0.5 0.1 0.3
     0.25 0.3 0.3 0.1];

x0 = [0.25
      0.25
      0.25
      0.25];

