% 90 alunos
% A=4x                      A=0.66
% B=x     => 1/6 = 0.16 =>  B=0.16
% C=x                       C=0.16

t = [1/3 1/4   0
     1/3 11/20 1/2
     1/3 1/5   1/2];

x0 = [0.66
      0.17
      0.17];
