t = [1/3 1/4   0
     1/3 11/20 1/2
     1/3 1/5   1/2];

x0 = [0.33
      0.33
      0.33];

% temos 30 aulas, considerando 0 como a primeira aula, a ultima
% aula será a 29

t^29 * x0 * 90