x0 = [0
      1];

t = [0.7 0.8
     0.3 0.2];

t^2 * x0